0.0,0.0 
0.0644401013851,0.0348903089762 
0.126342862844,0.0742065757513 
0.18826636672,0.113536030054 
0.250158578157,0.152845591307 
0.312051028013,0.19215528667 
0.373961210251,0.231476277113 
0.435869187117,0.270795822144 
0.49783873558,0.310019791126 
0.559798061848,0.3492372334 
0.621767401695,0.388461202383 
0.683730185032,0.427680909634 
0.748508393764,0.468682676554 
0.810590207577,0.507715642452 
0.872666478157,0.546745121479 
0.937571406364,0.587552964687 
0.942424058914,0.514504671097 
0.939156353474,0.441275477409 
0.941129565239,0.367973595858 
0.943103075027,0.294666349888 
0.944963514805,0.221360743046 
0.946823656559,0.148066341877 
0.948769330978,0.071404337883 
0.950629115105,-0.00187609752174 
0.952574312687,-0.0785231143236 
1.01189303398,-0.119078546762 
1.0135563612,-0.0925831496716 
1.0862801075,-0.0884085744619 
1.15957045555,-0.0912642851472 
1.23287308216,-0.0912616401911 
1.30287432671,-0.0912591069937 
1.37621378899,-0.0912564471364 
1.4495433569,-0.0912537947297 
1.51954770088,-0.0912512615323 
1.59287834167,-0.0912486314774 
1.66620624065,-0.0912459865212 
1.73953831196,-0.0912433341146 
1.80954921246,-0.0912408158183 
1.88287842274,-0.0912381634116 
1.9562125206,-0.0912355333567 
2.02954530716,-0.0912329033017 
2.09957432747,-0.0912303924561 
2.17288589478,-0.0912277549505 
2.24289679527,-0.0912252292037 
2.31619954109,-0.0912225544453 
2.38622808456,-0.0912200137973 
2.46291947365,-0.0912172347307 
2.5395565033,-0.0912144556642 
2.60956788063,-0.0912119150162 
2.68622994423,-0.0912091508508 
2.75623369217,-0.0912066102028 
2.83286952972,-0.0912038460374 
2.90620231628,-0.0912011936307 
2.97622990608,-0.0911986380816 
3.04623174667,-0.0911961048841 
3.03926181793,-0.0702710747719 
3.10164642334,-0.0317085497081 
3.08193397522,-0.0211682934314 
3.09622120857,0.0508257858455 
3.0748963356,0.0413357578218 
3.03667926788,0.103910237551 
2.98744225502,0.158057466149 
2.98509526253,0.136061221361 
2.9314057827,0.183325558901 
2.88169026375,0.237229719758 
2.82911920547,0.288347184658 
2.77415752411,0.341787934303 
2.721585989,0.392905384302 
2.66900277138,0.444034218788 
2.61642146111,0.495161265135 
2.56384682655,0.546281158924 
2.51127052307,0.597403228283 
2.45869159698,0.648527860641 
2.40611004829,0.699654698372 
2.35353469849,0.75077599287 
2.30095863342,0.801897704601 
2.2483754158,0.853026509285 
2.19578719139,0.90416008234 
2.1432197094,0.955273151398 
2.08825159073,1.00872039795 
2.03568053246,1.05983757973 
1.9807087183,1.11328828335 
1.92813467979,1.1644077301 
1.87555634975,1.2155315876 
1.82297468185,1.26665830612 
1.77040159702,1.31777751446 
1.71783137321,1.36889374256 
1.66524457932,1.4200258255 
1.61267066002,1.47114551067 
1.56008851528,1.52227330208 
1.50751674175,1.57339072227 
1.45494866371,1.62450516224 
1.39998209476,1.67795169353 
1.34740591049,1.72907400131 
1.29482662678,1.78019881248 
1.2398660183,1.83363926411 
1.18965792656,1.88245904446 
1.13709127903,1.93357145786 
1.08213531971,1.98700749874 
1.02717447281,2.04044795036 
0.968358397484,2.08410525322 
0.897466719151,2.06235694885 
0.914127647877,2.04846358299 
0.879255414009,1.98025238514 
0.900633573532,1.98074495792 
0.905179858208,1.90197610855 
0.90189743042,1.82877361774 
0.904072999954,1.75215017796 
0.906032562256,1.6788392067 
0.907968699932,1.60221123695 
0.909816384315,1.52889251709 
0.911663413048,1.45559442043 
0.913511157036,1.38226652145 
0.915357768536,1.30899214745 
0.9172052145,1.23568248749 
0.919053018093,1.16235876083 
0.920984327793,1.08572471142 
0.922831654549,1.01241600513 
0.924679219723,0.939103841782 
0.926611065865,0.862446129322 
0.928458690643,0.789133667946 
0.930305659771,0.715840697289 
0.932153761387,0.642503142357 
0.934000551701,0.569221973419 
0.935847878456,0.495910733938 
0.93777936697,0.419267505407 
0.93962687254,0.345956921577 
0.94147413969,0.272647112608 
0.943321526051,0.199337691069 
0.945168733597,0.12603135407 
0.947016119957,0.052720874548 
0.948863625526,-0.0205935761333 
0.97286939621,-0.0896574929357 
1.04202115536,-0.113975800574 
1.03752863407,-0.0928279310465 
1.1140922308,-0.0896249264479 
1.18741571903,-0.0907621979713 
1.26073765755,-0.0918994471431 
1.3340651989,-0.0930367782712 
1.40739655495,-0.0941741615534 
1.48405063152,-0.0953630656004 
1.55737900734,-0.0965004116297 
1.6340328455,-0.0976893231273 
1.70736002922,-0.098826661706 
1.78068077564,-0.099963888526 
1.85400462151,-0.101101160049 
1.83109533787,-0.0961724594235 
1.9043482542,-0.0929104536772 
1.98097372055,-0.0948791056871 
2.05428409576,-0.0967625677586 
2.13092160225,-0.0987315028906 
2.20422339439,-0.100614763796 
2.22751045227,-0.0993690192699 
2.30070543289,-0.0961167961359 
2.37402367592,-0.0974101126194 
2.45067858696,-0.0987622737885 
2.52400016785,-0.100055664778 
2.54709100723,-0.0970393642783 
2.62031269073,-0.0937755927444 
2.69363737106,-0.0949058681726 
2.77029156685,-0.0960874855518 
2.84362387657,-0.0972178801894 
2.91694426537,-0.0983481109142 
2.99026226997,-0.0994783043861 
3.06691527367,-0.100659899414 
3.05761432648,-0.0811026841402 
3.11500525475,-0.0352351479232 
3.0957069397,-0.0261793024838 
3.11254906654,0.0521979928017 
3.09076094627,0.0438570976257 
3.05455613136,0.111409336329 
3.04290032387,0.0911989286542 
2.98882246017,0.140667140484 
2.93783760071,0.19337746501 
2.88684940338,0.246092349291 
2.83355021477,0.30119612813 
2.78256392479,0.353908091784 
2.7315890789,0.406608313322 
2.68060445786,0.45931866765 
2.62729907036,0.514428257942 
2.63936781883,0.494380384684 
2.5850610733,0.543741285801 
2.6474006176,0.613490760326 
2.70086312294,0.663650929928 
2.75168299675,0.716521918774 
2.80021047592,0.767007887363 
2.85332560539,0.822266161442 
2.90412425995,0.875114679337 
2.9549331665,0.927973508835 
3.00806117058,0.983245015144 
3.06120061874,1.03852856159 
3.11201381683,1.09139275551 
3.16283488274,1.14426493645 
3.21363329887,1.19711351395 
3.26445221901,1.24998319149 
3.31527352333,1.30285513401 
3.36609220505,1.35572493076 
3.41691374779,1.40859699249 
3.46773004532,1.46146416664 
3.52244520187,1.41261804104 
3.57205915451,1.35865557194 
3.62500023842,1.30791902542 
3.68037867546,1.25484657288 
3.7333085537,1.20412111282 
3.78625321388,1.15338110924 
3.83919620514,1.102643013 
3.89455199242,1.04959225655 
3.94749331474,0.998855769634 
4.00043106079,0.948122441769 
4.07188510895,0.944147348404 
4.1282582283,0.996046841145 
4.1786980629,1.04927706718 
4.23160505295,1.10476875305 
4.28220891953,1.15784394741 
4.33511304855,1.21333217621 
4.38571739197,1.2664078474 
4.43631792068,1.31948077679 
4.48692417145,1.37255871296 
4.53752851486,1.42563474178 
4.59043502808,1.48112618923 
4.64333772659,1.53661417961 
4.69394016266,1.58968746662 
4.7445473671,1.64276635647 
4.79515314102,1.69584441185 
4.84575891495,1.74892163277 
4.89866256714,1.80440950394 
4.94926261902,1.85748159885 
4.99986505508,1.91055500507 
5.05046415329,1.96362531185 
5.09598779678,2.0210621357 
5.08345794678,2.09326648712 
5.06676626205,2.07695865631 
5.00930213928,2.12243247032 
5.00592947006,2.09934735298 
4.93308115005,2.11852455139 
4.86461257935,2.14474081993 
4.79449748993,2.16623282433 
4.72438383102,2.1877245903 
4.65426635742,2.20921683311 
4.58097219467,2.23168301582 
4.51085805893,2.25317430496 
4.43755865097,2.27564144135 
4.36744260788,2.29713344574 
4.29414558411,2.31960058212 
4.22403478622,2.34109067917 
4.15391302109,2.36258411407 
4.08380746841,2.38407254219 
4.01050424576,2.40654158592 
3.94038534164,2.42803454399 
3.87026786804,2.44952702522 
3.8001511097,2.47101926804 
3.73003792763,2.49251031876 
3.65992760658,2.51400113106 
3.5898141861,2.53549265862 
3.51970338821,2.55698299408 
3.44959020615,2.57847380638 
3.37629294395,2.60094165802 
3.30617642403,2.62243413925 
3.23287534714,2.64490246773 
3.16276717186,2.6663916111 
3.08947730064,2.68885684013 
3.01617717743,2.71132493019 
2.9428768158,2.73379349709 
2.86957597733,2.75626182556 
2.79945993423,2.77775430679 
2.7261595726,2.80022263527 
2.65604782104,2.82171368599 
2.58274817467,2.84418201447 
2.51263427734,2.86567354202 
2.44251990318,2.887165308 
2.37240624428,2.90865659714 
2.30229306221,2.93014788628 
2.22899723053,2.9526143074 
2.15888738632,2.97410440445 
2.08877420425,2.99559569359 
2.0186612606,3.01708674431 
1.94854712486,3.03857779503 
1.90259373188,2.984187603 
1.91039097309,2.9121325016 
1.9279654026,2.92495679855 
1.98207497597,2.87550878525 
1.98969316483,2.89715123177 
2.04378318787,2.84767460823 
2.09472298622,2.79491615295 
2.14566254616,2.74215865135 
2.19660019875,2.68940210342 
2.24753642082,2.63664698601 
2.2984764576,2.58388805389 
2.34941291809,2.53113222122 
2.40266799927,2.4759759903 
2.4536075592,2.42321801186 
2.50454330444,2.37046456337 
2.55548381805,2.31770610809 
2.60642123222,2.26495099068 
2.65735673904,2.21219778061 
2.71060943604,2.15704369545 
2.76154518127,2.10428977013 
2.81248021126,2.05153632164 
2.86341667175,1.99878132343 
2.91435194016,1.94602787495 
2.96528983116,1.89327216148 
2.98184251785,1.87683749199 
3.03515625,1.82648897171 
3.08847498894,1.77613449097 
3.14170622826,1.72569859028 
3.19494318962,1.67525744438 
3.2481033802,1.62474012375 
3.30125927925,1.5742200613 
3.3544151783,1.5237005949 
3.40757083893,1.47318065166 
3.46072602272,1.42266154289 
3.51388144493,1.37214159966 
3.56703662872,1.32162213326 
3.62019014359,1.2711045742 
3.67334580421,1.22058439255 
3.72891688347,1.16776871681 
3.78207302094,1.11724901199 
3.83522987366,1.06672811508 
3.88838338852,1.01621103287 
3.94395494461,0.963394939899 
3.99710965157,0.912875771523 
4.06853294373,0.90603274107 
4.0584230423,0.925201833248 
4.11412000656,0.972844302654 
4.16826629639,1.02218830585 
4.14496898651,1.02080440521 
4.19444894791,1.07488059998 
4.2496676445,1.12806129456 
4.30248689651,1.17893242836 
4.35530900955,1.22980546951 
4.40812683105,1.28067398071 
4.46094560623,1.33154296875 
4.51376390457,1.38241314888 
4.56897926331,1.4355918169 
4.62420034409,1.48877608776 
4.6770195961,1.53964650631 
4.72984027863,1.59051859379 
4.78505849838,1.64369976521 
4.83787965775,1.69457221031 
4.85090303421,1.71369421482 
4.90036010742,1.76778864861 
4.95550870895,1.82104742527 
5.00825786591,1.87199044228 
5.06100797653,1.92293357849 
5.11375713348,1.97387683392 
5.09349536896,1.98175907135 
5.10435628891,2.05426168442 
5.08297395706,2.04493951797 
5.04437732697,2.10757398605 
5.03405809402,2.08665418625 
4.96368837357,2.10887098312 
4.89526319504,2.13513231277 
4.82507658005,2.15639877319 
4.75496482849,2.17788410187 
4.7773399353,2.26857066154 
4.80166864395,2.33773183823 
4.82262849808,2.40800666809 
4.84358739853,2.47827720642 
4.86454725266,2.54855132103 
4.8864607811,2.62202382088 
4.90742063522,2.69229888916 
4.92838048935,2.76257181168 
4.9493393898,2.83284306526 
4.97029924393,2.90311717987 
4.99125909805,2.97339129448 
5.0,3.0 
